62.333333333333336
75.33333333333333
56.333333333333336
76.0
83.66666666666667
52.666666666666664
62.0
59.666666666666664
77.0
71.0
54.666666666666664
65.0
63.666666666666664
67.33333333333333
78.66666666666667
78.66666666666667
54.666666666666664
59.333333333333336
67.0
56.666666666666664
62.666666666666664
71.33333333333333
33.333333333333336
55.0
66.66666666666667
74.66666666666667
66.66666666666667
53.333333333333336
34.666666666666664
59.0
74.66666666666667
64.33333333333333
44.333333333333336
53.333333333333336
74.0
81.66666666666667
59.666666666666664
79.66666666666667
71.66666666666667
54.666666666666664
62.666666666666664
48.0
65.33333333333333
76.66666666666667
73.33333333333333
47.333333333333336
63.333333333333336
55.666666666666664
75.0
62.0
50.0
86.33333333333333
53.333333333333336
51.666666666666664
79.0
44.666666666666664
64.66666666666667
66.33333333333333
72.33333333333333
69.33333333333333
67.33333333333333
61.666666666666664
66.0
57.333333333333336
87.0
90.0
79.33333333333333
79.66666666666667
61.0
34.666666666666664
37.0
67.66666666666667
54.0
65.66666666666667
84.66666666666667
53.666666666666664
56.333333333333336
47.666666666666664
54.333333333333336
64.0
71.0
73.33333333333333
75.0
64.66666666666667
64.0
48.333333333333336
67.33333333333333
38.666666666666664
45.666666666666664
47.0
59.666666666666664
72.66666666666667
82.0
55.0
58.333333333333336
48.666666666666664
81.33333333333333
81.33333333333333
89.66666666666667
73.0
75.66666666666667
78.66666666666667
55.333333333333336
67.33333333333333
67.33333333333333
62.333333333333336
60.0
75.33333333333333
82.0
71.66666666666667
88.33333333333333
78.66666666666667
39.333333333333336
75.33333333333333
77.0
75.0
69.66666666666667
43.333333333333336
60.0
83.33333333333333
44.666666666666664
51.666666666666664
77.66666666666667
94.0
89.0
83.0
44.0
66.33333333333333
52.0
59.333333333333336
66.0
59.666666666666664
71.33333333333333
56.666666666666664
77.33333333333333
58.0
75.33333333333333
79.0
59.666666666666664
68.33333333333333
65.33333333333333
56.0
66.33333333333333
51.333333333333336
50.333333333333336
46.666666666666664
93.33333333333333
73.0
50.666666666666664
58.333333333333336
54.0
68.33333333333333
48.333333333333336
78.0
51.333333333333336
69.33333333333333
73.33333333333333
74.66666666666667
81.0
83.66666666666667
71.66666666666667
68.66666666666667
56.0
49.333333333333336
59.0
43.0
65.66666666666667
42.0
57.666666666666664
46.0
67.33333333333333
40.0
54.666666666666664
73.0
57.666666666666664
74.33333333333333
67.66666666666667
48.0
68.66666666666667
31.333333333333332
79.0
62.666666666666664
43.333333333333336
64.66666666666667
57.666666666666664
68.66666666666667
51.333333333333336
42.666666666666664
46.0
65.33333333333333
67.66666666666667
47.0
59.666666666666664
43.666666666666664
47.333333333333336
54.0
63.666666666666664
84.0
54.333333333333336
62.753768844221106 64.27638190954774 63.61306532663317
